{
 "cells": [
  {
   "cell_type": "markdown",
   "metadata": {},
   "source": [
    "# Лабораторная работа 2."
   ]
  },
  {
   "cell_type": "markdown",
   "metadata": {},
   "source": [
    "# Задача 1"
   ]
  },
  {
   "cell_type": "markdown",
   "metadata": {},
   "source": [
    "Загружаем корпус текстов из файла train.json. Заглянем в набор данных с помощью data.head(10), чтобы представлять, как выглядит данный корпус текстов. Разобьем исходный набор данных на тренировочную и тестовую выборку в соотношении 70/30. В X будут содержаться наши тексты, представленные как вектор из частотностей слов. А в У - оценки тональности, но каждой из них мы назначим числовое значение."
   ]
  },
  {
   "cell_type": "code",
   "execution_count": 23,
   "metadata": {},
   "outputs": [],
   "source": [
    "import numpy as np\n",
    "import os\n",
    "import pandas as pd\n",
    "\n",
    "#загружаем дата-сет\n",
    "data = pd.read_json('train.json', encoding = 'utf-8')\n",
    "data.head(10)\n",
    "\n",
    "from sklearn.model_selection import train_test_split\n",
    "\n",
    "#присваиваем классам числовое значение\n",
    "y = {'negative': -1, 'neutral': 0, 'positive': 1} \n",
    "data['y'] = data['sentiment'].map(lambda x: y[x])\n",
    "\n",
    "#делим данные на x и y, в x будут тексты, а в у - класс\n",
    "data_Y = data['y'].values\n",
    "data_X = data['text'].values\n",
    "\n",
    "#делим данные на тренировочную и тестовую выборку, тестовая выборка - 30% (здесь взята только часть примеров, а не весь корпус - это связано с мощностью компьютера)\n",
    "dataY_train, dataY_test, dataX_train, dataX_test = train_test_split(data_Y, data_X, test_size=0.3, shuffle=True)\n",
    "dataY_train, dataY_test, dataX_train, dataX_test = dataY_train[:700], dataY_test[:300], dataX_train[:700], dataX_test[:300]"
   ]
  },
  {
   "cell_type": "markdown",
   "metadata": {},
   "source": [
    "# Задача 2"
   ]
  },
  {
   "cell_type": "markdown",
   "metadata": {},
   "source": [
    "Создадим “baseline” (отправную точку) - достаточно простую модель, используя сравнительно несложную схему репрезентации текста. Будем представлять наши тексты как вектор, включающий в себя частотности уникальных слов."
   ]
  },
  {
   "cell_type": "code",
   "execution_count": 24,
   "metadata": {},
   "outputs": [
    {
     "name": "stdout",
     "output_type": "stream",
     "text": [
      "[[0 0 0 ... 0 0 0]\n",
      " [0 0 0 ... 0 0 0]\n",
      " [0 0 0 ... 0 0 0]\n",
      " ...\n",
      " [0 0 0 ... 0 0 0]\n",
      " [0 0 0 ... 0 0 0]\n",
      " [0 0 0 ... 0 0 0]]\n",
      "[[0 0 0 ... 0 0 0]\n",
      " [0 0 0 ... 0 0 0]\n",
      " [0 1 0 ... 0 0 0]\n",
      " ...\n",
      " [0 0 0 ... 0 0 0]\n",
      " [0 0 0 ... 0 0 0]\n",
      " [0 0 0 ... 0 0 0]]\n"
     ]
    }
   ],
   "source": [
    "from sklearn.feature_extraction.text import CountVectorizer \n",
    "\n",
    "#для нашей тренировочной выборки создаем словарь частотностей всех уникальных словоформ \n",
    "vectorizer = CountVectorizer(min_df = 0, lowercase = True) \n",
    "vectorizer.fit(dataX_train)\n",
    "\n",
    "#преобразуем полученные данные в вектор\n",
    "X_train = vectorizer.transform(dataX_train).toarray()\n",
    "\n",
    "test_vectorizer = CountVectorizer(min_df = 0, lowercase = True, vocabulary=vectorizer.vocabulary_) \n",
    "test_vectorizer.fit(dataX_test)\n",
    "\n",
    "#представляем в виде вектора каждый текст из тестовой выборки, элементу с каким-либо индексом соответствует частотность слова, которое под этим же индексом находится в нашем словаре, в данном тексте\n",
    "X_test = test_vectorizer.transform(dataX_test).toarray()\n",
    "\n",
    "print(X_train[:10])\n",
    "print(X_test[:10])"
   ]
  },
  {
   "cell_type": "markdown",
   "metadata": {},
   "source": [
    "# Задачи 3-4"
   ]
  },
  {
   "cell_type": "markdown",
   "metadata": {},
   "source": [
    "Нужно использовать как минимум три классификатора. Как минимум два из них будут иметь возможность возвращать важность атрибутов. Как минимум один будет иметь возможность получать вероятности классов. Нужно решить задачу классификации, рассмотрев сначала как задачу многоклассовой классификации (позитив/негатив/нейтральный класс). \n",
    "\n",
    "Сначала попробуем решить задачу многоклассовой классификации. Применим RandomDorest, ExtraTrees и линейный SVM."
   ]
  },
  {
   "cell_type": "code",
   "execution_count": 25,
   "metadata": {},
   "outputs": [
    {
     "name": "stdout",
     "output_type": "stream",
     "text": [
      "0.5933333333333334\n"
     ]
    }
   ],
   "source": [
    "from sklearn.svm import LinearSVC\n",
    "from sklearn.metrics import accuracy_score\n",
    "from sklearn.pipeline import Pipeline\n",
    "from sklearn.preprocessing import StandardScaler\n",
    "from sklearn.model_selection import GridSearchCV\n",
    "\n",
    "linsvc_clf = LinearSVC(C=5, loss=\"hinge\", penalty = 'l2', multi_class = 'ovr')\n",
    "\n",
    "#применим gridsearch для поиска оптимальных значений гиперпараметров\n",
    "param_grid = {'C': list(range(1, 5)), 'loss': ['hinge', 'squared_hinge']}\n",
    "grid_search_cv = GridSearchCV(LinearSVC(), param_grid, cv = 3)\n",
    "grid_search_cv.fit(X_train, dataY_train)\n",
    "\n",
    "y_pred1 = grid_search_cv.predict(X_test)\n",
    "accuracy_score(dataY_test, y_pred1)\n",
    "\n",
    "print(accuracy_score(dataY_test, y_pred1))"
   ]
  },
  {
   "cell_type": "code",
   "execution_count": 4,
   "metadata": {},
   "outputs": [
    {
     "name": "stdout",
     "output_type": "stream",
     "text": [
      "0.4666666666666667\n",
      "[0. 0. 0. ... 0. 0. 0.]\n",
      "[[0.17298522 0.50196701 0.32504777]\n",
      " [0.17233262 0.50008278 0.3275846 ]\n",
      " [0.17621644 0.51208972 0.31169384]\n",
      " [0.17429831 0.50801258 0.31768911]\n",
      " [0.17156481 0.50379776 0.32463742]\n",
      " [0.16432562 0.50282169 0.33285269]\n",
      " [0.17226095 0.51484634 0.31289272]\n",
      " [0.17243226 0.49847757 0.32909017]\n",
      " [0.1864296  0.50104514 0.31252526]\n",
      " [0.17628262 0.50133168 0.3223857 ]\n",
      " [0.17291714 0.50819463 0.31888823]\n",
      " [0.17879156 0.51788878 0.30331966]\n",
      " [0.18425416 0.50657659 0.30916926]\n",
      " [0.17454964 0.5118657  0.31358466]\n",
      " [0.18936213 0.50708793 0.30354994]\n",
      " [0.1707189  0.50830341 0.3209777 ]\n",
      " [0.17341369 0.50898558 0.31760073]\n",
      " [0.17731089 0.50203321 0.3206559 ]\n",
      " [0.16592766 0.49905335 0.33501899]\n",
      " [0.17456252 0.51473349 0.31070399]\n",
      " [0.16326924 0.48635796 0.3503728 ]\n",
      " [0.17086808 0.51105605 0.31807586]\n",
      " [0.17568118 0.50256915 0.32174968]\n",
      " [0.17360885 0.51089764 0.31549351]\n",
      " [0.17828921 0.5246732  0.29703759]\n",
      " [0.17780191 0.50407222 0.31812588]\n",
      " [0.16496468 0.50610973 0.32892559]\n",
      " [0.17485277 0.50783542 0.31731181]\n",
      " [0.17059947 0.49447951 0.33492102]\n",
      " [0.17185221 0.51156634 0.31658145]\n",
      " [0.17010056 0.50155406 0.32834538]\n",
      " [0.18200962 0.49261285 0.32537754]\n",
      " [0.16575477 0.51877326 0.31547197]\n",
      " [0.17179207 0.50419579 0.32401214]\n",
      " [0.17312955 0.51196494 0.3149055 ]\n",
      " [0.17146989 0.50940009 0.31913003]\n",
      " [0.17375814 0.51495176 0.3112901 ]\n",
      " [0.17489199 0.50816343 0.31694457]\n",
      " [0.18064444 0.49843185 0.32092371]\n",
      " [0.17316212 0.52001216 0.30682572]\n",
      " [0.17321684 0.51219934 0.31458382]\n",
      " [0.1992155  0.50957987 0.29120464]\n",
      " [0.17091535 0.51094796 0.31813669]\n",
      " [0.17290897 0.50824992 0.31884111]\n",
      " [0.1733638  0.50141554 0.32522066]\n",
      " [0.17248131 0.50566896 0.32184973]\n",
      " [0.17485277 0.50783542 0.31731181]\n",
      " [0.17621098 0.51273938 0.31104964]\n",
      " [0.17482958 0.50021837 0.32495205]\n",
      " [0.1781052  0.50972166 0.31217314]\n",
      " [0.17484417 0.49758204 0.32757379]\n",
      " [0.17335992 0.51218757 0.3144525 ]\n",
      " [0.17485277 0.50783542 0.31731181]\n",
      " [0.17266878 0.50659823 0.32073299]\n",
      " [0.17348498 0.51083549 0.31567953]\n",
      " [0.17492407 0.50968533 0.31539061]\n",
      " [0.18263513 0.50261804 0.31474682]\n",
      " [0.17783772 0.50376771 0.31839457]\n",
      " [0.16703472 0.51499682 0.31796847]\n",
      " [0.17341369 0.50898558 0.31760073]\n",
      " [0.16396104 0.49539176 0.3406472 ]\n",
      " [0.17380692 0.51544078 0.3107523 ]\n",
      " [0.17601475 0.50866584 0.31531941]\n",
      " [0.1805998  0.51143513 0.30796507]\n",
      " [0.16506875 0.50902565 0.3259056 ]\n",
      " [0.17717192 0.51381006 0.30901801]\n",
      " [0.17366949 0.50884876 0.31748176]\n",
      " [0.17544558 0.50902322 0.31553121]\n",
      " [0.17470268 0.51979559 0.30550172]\n",
      " [0.17445226 0.5064006  0.31914714]\n",
      " [0.17772947 0.51247285 0.30979768]\n",
      " [0.17021575 0.51495747 0.31482678]\n",
      " [0.17485277 0.50783542 0.31731181]\n",
      " [0.17800696 0.50840442 0.31358862]\n",
      " [0.17671132 0.51924643 0.30404225]\n",
      " [0.20677749 0.49529863 0.29792388]\n",
      " [0.17173139 0.51751038 0.31075823]\n",
      " [0.16582872 0.50670318 0.3274681 ]\n",
      " [0.17485277 0.50783542 0.31731181]\n",
      " [0.16838424 0.50663387 0.32498188]\n",
      " [0.16787146 0.49863885 0.33348969]\n",
      " [0.17662913 0.50523023 0.31814064]\n",
      " [0.17556671 0.50456599 0.3198673 ]\n",
      " [0.20498373 0.5017248  0.29329147]\n",
      " [0.1753185  0.50941407 0.31526743]\n",
      " [0.18171116 0.50984368 0.30844516]\n",
      " [0.16455235 0.50051055 0.3349371 ]\n",
      " [0.17254271 0.510375   0.31708229]\n",
      " [0.17015011 0.51866321 0.31118668]\n",
      " [0.17004437 0.49007107 0.33988456]\n",
      " [0.17591048 0.50171729 0.32237222]\n",
      " [0.17505175 0.50015583 0.32479242]\n",
      " [0.17738101 0.51409541 0.30852359]\n",
      " [0.16892173 0.50099718 0.33008109]\n",
      " [0.1673198  0.49715721 0.33552299]\n",
      " [0.17029985 0.50622213 0.32347802]\n",
      " [0.17360885 0.51089764 0.31549351]\n",
      " [0.1671679  0.5116793  0.3211528 ]\n",
      " [0.18632255 0.50404978 0.30962767]\n",
      " [0.17205389 0.50626994 0.32167617]\n",
      " [0.17798582 0.50475605 0.31725812]\n",
      " [0.17298387 0.50331097 0.32370517]\n",
      " [0.17485277 0.50783542 0.31731181]\n",
      " [0.17485277 0.50783542 0.31731181]\n",
      " [0.16254332 0.49483984 0.34261684]\n",
      " [0.18730006 0.49966417 0.31303577]\n",
      " [0.16690088 0.50361787 0.32948126]\n",
      " [0.17346591 0.50247775 0.32405633]\n",
      " [0.17341369 0.50898558 0.31760073]\n",
      " [0.18343309 0.52961849 0.28694842]\n",
      " [0.16980322 0.51386909 0.31632769]\n",
      " [0.18268863 0.50806518 0.30924618]\n",
      " [0.17391349 0.49702358 0.32906293]\n",
      " [0.17694967 0.51837075 0.30467958]\n",
      " [0.16869844 0.50553001 0.32577154]\n",
      " [0.17464442 0.49832576 0.32702982]\n",
      " [0.18904842 0.50982612 0.30112546]\n",
      " [0.16431352 0.50222744 0.33345904]\n",
      " [0.17900166 0.51295963 0.30803871]\n",
      " [0.1724217  0.49808185 0.32949645]\n",
      " [0.17092473 0.50886769 0.32020758]\n",
      " [0.1673959  0.503679   0.32892509]\n",
      " [0.16264954 0.48768121 0.34966925]\n",
      " [0.17298423 0.51639493 0.31062084]\n",
      " [0.17169471 0.48219953 0.34610576]\n",
      " [0.18091176 0.51036057 0.30872767]\n",
      " [0.17916943 0.49053507 0.3302955 ]\n",
      " [0.17696977 0.51014513 0.3128851 ]\n",
      " [0.16649098 0.51476812 0.3187409 ]\n",
      " [0.17685938 0.50785832 0.3152823 ]\n",
      " [0.17418507 0.51058387 0.31523106]\n",
      " [0.17342356 0.48997852 0.33659791]\n",
      " [0.18145646 0.50424046 0.31430309]\n",
      " [0.17290897 0.50824992 0.31884111]\n",
      " [0.18343259 0.50692531 0.3096421 ]\n",
      " [0.18103015 0.50779233 0.31117752]\n",
      " [0.17364259 0.50403337 0.32232404]\n",
      " [0.14947087 0.54910779 0.30142133]\n",
      " [0.17902899 0.52137233 0.29959868]\n",
      " [0.16679928 0.50944121 0.32375951]\n",
      " [0.17562353 0.53940745 0.28496902]\n",
      " [0.1721794  0.50856125 0.31925935]\n",
      " [0.1662877  0.51848368 0.31522862]\n",
      " [0.1717446  0.50161921 0.32663619]\n",
      " [0.19047851 0.49871171 0.31080978]\n",
      " [0.17735688 0.51648614 0.30615698]\n",
      " [0.1677743  0.50588962 0.32633608]\n",
      " [0.16629064 0.49919595 0.33451341]\n",
      " [0.17039311 0.50535437 0.32425252]\n",
      " [0.17341369 0.50898558 0.31760073]\n",
      " [0.17378713 0.49444445 0.33176842]\n",
      " [0.16960921 0.50019931 0.33019149]\n",
      " [0.18268365 0.50521471 0.31210164]\n",
      " [0.1884211  0.50933085 0.30224804]\n",
      " [0.17957084 0.50982539 0.31060378]\n",
      " [0.17029114 0.49785624 0.33185262]\n",
      " [0.17193197 0.50992719 0.31814084]\n",
      " [0.17666324 0.50182175 0.32151502]\n",
      " [0.16995849 0.51095634 0.31908517]\n",
      " [0.1739924  0.5210909  0.3049167 ]\n",
      " [0.18357855 0.50504367 0.31137778]\n",
      " [0.17448119 0.50911546 0.31640335]\n",
      " [0.16823806 0.50446315 0.32729879]\n",
      " [0.17297259 0.51910287 0.30792454]\n",
      " [0.16990638 0.49980684 0.33028678]\n",
      " [0.1613995  0.49672968 0.34187082]\n",
      " [0.16742166 0.51494128 0.31763705]\n",
      " [0.17093814 0.52174805 0.3073138 ]\n",
      " [0.1819677  0.51753713 0.30049517]\n",
      " [0.17485277 0.50783542 0.31731181]\n",
      " [0.18556123 0.5209919  0.29344687]\n",
      " [0.17148858 0.50188357 0.32662785]\n",
      " [0.17873732 0.50736825 0.31389443]\n",
      " [0.16662432 0.50427066 0.32910502]\n",
      " [0.17473004 0.49940323 0.32586673]\n",
      " [0.17603605 0.50957304 0.31439091]\n",
      " [0.16843303 0.51355652 0.31801045]\n",
      " [0.1831035  0.50257303 0.31432347]\n",
      " [0.17485277 0.50783542 0.31731181]\n",
      " [0.1705466  0.52514936 0.30430404]\n",
      " [0.17092558 0.49890241 0.33017201]\n",
      " [0.17341369 0.50898558 0.31760073]\n",
      " [0.17257354 0.52601584 0.30141062]\n",
      " [0.17204089 0.50643912 0.32151998]\n",
      " [0.17484417 0.49758204 0.32757379]\n",
      " [0.17199547 0.50677681 0.32122772]\n",
      " [0.17261515 0.50628877 0.32109607]\n",
      " [0.17563318 0.51403308 0.31033374]\n",
      " [0.17221143 0.51323128 0.31455729]\n",
      " [0.17667609 0.5024606  0.3208633 ]\n",
      " [0.18532056 0.51036302 0.30431642]\n",
      " [0.18201245 0.51131861 0.30666894]\n",
      " [0.19049612 0.51184104 0.29766284]\n",
      " [0.17424403 0.50582739 0.31992858]\n",
      " [0.17672869 0.50539641 0.3178749 ]\n",
      " [0.17341369 0.50898558 0.31760073]\n",
      " [0.17201328 0.51066667 0.31732005]\n",
      " [0.17553539 0.51957169 0.30489292]\n",
      " [0.16968434 0.50474094 0.32557472]\n",
      " [0.17051875 0.50623417 0.32324708]\n",
      " [0.1783102  0.51256227 0.30912754]\n",
      " [0.17333282 0.52238919 0.30427798]\n",
      " [0.1813488  0.50720874 0.31144246]\n",
      " [0.17878591 0.51718744 0.30402665]\n",
      " [0.16981598 0.50565524 0.32452878]\n",
      " [0.191941   0.50511075 0.30294825]\n",
      " [0.16578683 0.49158301 0.34263016]\n",
      " [0.19304414 0.50956327 0.29739258]\n",
      " [0.1773451  0.5099643  0.3126906 ]\n",
      " [0.16990736 0.50535434 0.3247383 ]\n",
      " [0.19417736 0.50177197 0.30405067]\n",
      " [0.17596245 0.51487286 0.30916469]\n",
      " [0.17474454 0.51122489 0.31403057]\n",
      " [0.17104918 0.51053416 0.31841666]\n",
      " [0.17183445 0.51068192 0.31748363]\n",
      " [0.16861285 0.50789104 0.3234961 ]\n",
      " [0.16806793 0.50249353 0.32943854]\n",
      " [0.17284584 0.50634472 0.32080943]\n",
      " [0.18808343 0.51481132 0.29710524]\n",
      " [0.17509282 0.51086007 0.31404711]\n",
      " [0.19033543 0.50642492 0.30323964]\n",
      " [0.16999649 0.50889808 0.32110542]\n",
      " [0.19828701 0.51737919 0.2843338 ]\n",
      " [0.12673338 0.44517486 0.42809176]\n",
      " [0.1777757  0.52668382 0.29554048]\n",
      " [0.17168472 0.50115853 0.32715676]\n",
      " [0.16950173 0.50064778 0.32985049]\n",
      " [0.17341369 0.50898558 0.31760073]\n",
      " [0.18850892 0.51122975 0.30026133]\n",
      " [0.17485277 0.50783542 0.31731181]\n",
      " [0.17375814 0.51495176 0.3112901 ]\n",
      " [0.1912961  0.49729895 0.31140495]\n",
      " [0.16911795 0.52007857 0.31080348]\n",
      " [0.16822987 0.52045842 0.31131171]\n",
      " [0.174251   0.50597331 0.31977569]\n",
      " [0.16590192 0.50672705 0.32737103]\n",
      " [0.17019303 0.509288   0.32051897]\n",
      " [0.17390641 0.50780481 0.31828878]\n",
      " [0.17581826 0.5026727  0.32150905]\n",
      " [0.17485277 0.50783542 0.31731181]\n",
      " [0.17242775 0.51298932 0.31458294]\n",
      " [0.16889943 0.52093923 0.31016134]\n",
      " [0.17261515 0.50628877 0.32109607]\n",
      " [0.17194431 0.50661726 0.32143842]\n",
      " [0.17485277 0.50783542 0.31731181]\n",
      " [0.17151491 0.51211281 0.31637228]\n",
      " [0.17628262 0.50133168 0.3223857 ]\n",
      " [0.17099053 0.50789012 0.32111935]\n",
      " [0.17159826 0.51365544 0.3147463 ]\n",
      " [0.17106689 0.51159386 0.31733925]\n",
      " [0.17366138 0.50467221 0.32166641]\n",
      " [0.15764263 0.48710717 0.35525021]\n",
      " [0.21145629 0.50066009 0.28788362]\n",
      " [0.17226095 0.51484634 0.31289272]\n",
      " [0.17452559 0.50719499 0.31827943]\n",
      " [0.18141842 0.51062423 0.30795735]\n",
      " [0.17552438 0.49705986 0.32741576]\n",
      " [0.17425109 0.50192485 0.32382406]\n",
      " [0.17393442 0.51302246 0.31304311]\n",
      " [0.18120743 0.50136666 0.31742592]\n",
      " [0.17965895 0.51403237 0.30630868]\n",
      " [0.17748066 0.51006489 0.31245445]\n",
      " [0.17341369 0.50898558 0.31760073]\n",
      " [0.17488218 0.50639023 0.3187276 ]\n",
      " [0.17007521 0.50487786 0.32504693]\n",
      " [0.17660407 0.50973094 0.31366499]\n",
      " [0.17306781 0.50018723 0.32674496]\n",
      " [0.17346591 0.50247775 0.32405633]\n",
      " [0.17263186 0.51023051 0.31713763]\n",
      " [0.17377825 0.51026742 0.31595433]\n",
      " [0.17662913 0.50523023 0.31814064]\n",
      " [0.17485277 0.50783542 0.31731181]\n",
      " [0.16958183 0.50916304 0.32125513]\n",
      " [0.1737221  0.51115048 0.31512742]\n",
      " [0.17022036 0.51655156 0.31322807]\n",
      " [0.17422678 0.50792933 0.31784389]\n",
      " [0.15492497 0.51192841 0.33314662]\n",
      " [0.16148322 0.5217016  0.31681518]\n",
      " [0.17759775 0.50539027 0.31701199]\n",
      " [0.20813954 0.49457454 0.29728592]\n",
      " [0.17655443 0.51177778 0.31166779]\n",
      " [0.17172622 0.5140714  0.31420239]\n",
      " [0.17485277 0.50783542 0.31731181]\n",
      " [0.17380331 0.51480448 0.31139221]\n",
      " [0.16894434 0.50958617 0.32146948]\n",
      " [0.17531806 0.51707472 0.30760723]\n",
      " [0.17648048 0.51024449 0.31327503]\n",
      " [0.17285961 0.50832016 0.31882023]\n",
      " [0.17505175 0.51015583 0.31479242]\n",
      " [0.17521734 0.50911725 0.31566541]\n",
      " [0.17155221 0.50301022 0.32543757]\n",
      " [0.16455235 0.50051055 0.3349371 ]\n",
      " [0.17430617 0.51231089 0.31338294]\n",
      " [0.17255584 0.50360323 0.32384092]\n",
      " [0.17341369 0.50898558 0.31760073]\n",
      " [0.17245867 0.51812735 0.30941398]\n",
      " [0.17460828 0.51210842 0.3132833 ]\n",
      " [0.17045801 0.51674778 0.3127942 ]\n",
      " [0.1718163  0.51514912 0.31303458]\n",
      " [0.20509069 0.51624046 0.27866885]]\n"
     ]
    },
    {
     "data": {
      "text/plain": [
       "array(['00', '04', '05', ..., 'қтж', 'құрмет', 'үшін'], dtype='<U66')"
      ]
     },
     "execution_count": 4,
     "metadata": {},
     "output_type": "execute_result"
    }
   ],
   "source": [
    "from sklearn.ensemble import RandomForestClassifier\n",
    "from sklearn.pipeline import Pipeline\n",
    "from sklearn.preprocessing import StandardScaler\n",
    "\n",
    "rnd_clf = RandomForestClassifier(n_jobs=-1, n_estimators=100, max_depth=2, random_state=0)\n",
    "rnd_clf.fit(X_train, dataY_train)\n",
    "\n",
    "#создадим конвейер для векторайзера и классификатора\n",
    "our_pipeline = Pipeline( [\n",
    "    ('CountVectorizer', CountVectorizer()),\n",
    "    ('RandomForestClassifier', RandomForestClassifier())]\n",
    ")\n",
    "\n",
    "our_pipeline.fit(dataX_train, dataY_train)\n",
    "\n",
    "param_grid = {'max_depth': list(range(3, 8)), 'n_estimators': list(range(3, 8))}\n",
    "grid_search_cv = GridSearchCV(RandomForestClassifier(), param_grid, cv = 3)\n",
    "grid_search_cv.fit(X_train, dataY_train)\n",
    "\n",
    "y_pred2 = grid_search_cv.predict(X_test)\n",
    "accuracy_score(dataY_test, y_pred2)\n",
    "\n",
    "#выводим метрики качества, accuracy, важность каждого слова, вероятности классов и список слов, на которые больше всего опираетсямодель при выборе класса\n",
    "print(accuracy_score(dataY_test, y_pred2))\n",
    "print(rnd_clf.feature_importances_)\n",
    "print(rnd_clf.predict_proba(X_test))\n",
    "np.array(our_pipeline.named_steps['CountVectorizer'].get_feature_names())[np.where(our_pipeline.named_steps['RandomForestClassifier'].feature_importances_ != 0)[0]]"
   ]
  },
  {
   "cell_type": "code",
   "execution_count": 5,
   "metadata": {},
   "outputs": [
    {
     "name": "stdout",
     "output_type": "stream",
     "text": [
      "0.47333333333333333\n",
      "[0. 0. 0. ... 0. 0. 0.]\n",
      "[[0.17289671 0.50849552 0.31860777]\n",
      " [0.16941997 0.50112626 0.32945377]\n",
      " [0.1741058  0.50896006 0.31693415]\n",
      " [0.17391328 0.50860444 0.31748228]\n",
      " [0.17497727 0.50942147 0.31560126]\n",
      " [0.16736544 0.49921916 0.33341539]\n",
      " [0.17227958 0.51344132 0.3142791 ]\n",
      " [0.18790904 0.48459826 0.32749269]\n",
      " [0.17668274 0.50861052 0.31470674]\n",
      " [0.1741058  0.50896006 0.31693415]\n",
      " [0.1741058  0.50896006 0.31693415]\n",
      " [0.1741058  0.50896006 0.31693415]\n",
      " [0.1824514  0.50648947 0.31105913]\n",
      " [0.1741058  0.50896006 0.31693415]\n",
      " [0.18590026 0.50631844 0.3077813 ]\n",
      " [0.16874923 0.49897915 0.33227162]\n",
      " [0.17426476 0.50161226 0.32412298]\n",
      " [0.1741058  0.50896006 0.31693415]\n",
      " [0.17228227 0.50693404 0.32078369]\n",
      " [0.18061653 0.5021319  0.31725158]\n",
      " [0.16414041 0.49459419 0.3412654 ]\n",
      " [0.17282769 0.51043099 0.31674132]\n",
      " [0.182613   0.4989562  0.3184308 ]\n",
      " [0.1741058  0.50896006 0.31693415]\n",
      " [0.17322197 0.50575603 0.321022  ]\n",
      " [0.17149126 0.503495   0.32501374]\n",
      " [0.17227419 0.50784927 0.31987654]\n",
      " [0.1741058  0.50896006 0.31693415]\n",
      " [0.17620964 0.50534479 0.31844558]\n",
      " [0.1741058  0.50896006 0.31693415]\n",
      " [0.17052915 0.50540775 0.3240631 ]\n",
      " [0.18585134 0.50418589 0.30996277]\n",
      " [0.16554093 0.51483141 0.31962766]\n",
      " [0.18134616 0.51001652 0.30863732]\n",
      " [0.17132151 0.50601394 0.32266455]\n",
      " [0.1741058  0.50896006 0.31693415]\n",
      " [0.17948113 0.50805745 0.31246142]\n",
      " [0.18837026 0.50679567 0.30483406]\n",
      " [0.17237623 0.50827376 0.31935001]\n",
      " [0.174968   0.51086426 0.31416774]\n",
      " [0.1741058  0.50896006 0.31693415]\n",
      " [0.18203383 0.50592458 0.31204159]\n",
      " [0.17060664 0.50013891 0.32925446]\n",
      " [0.1741058  0.50896006 0.31693415]\n",
      " [0.1741058  0.50896006 0.31693415]\n",
      " [0.16759644 0.49910025 0.33330332]\n",
      " [0.1823974  0.50379069 0.31381191]\n",
      " [0.1741058  0.50896006 0.31693415]\n",
      " [0.16955653 0.49604303 0.33440045]\n",
      " [0.17718087 0.5104088  0.31241033]\n",
      " [0.16736544 0.49921916 0.33341539]\n",
      " [0.1741058  0.50896006 0.31693415]\n",
      " [0.1741058  0.50896006 0.31693415]\n",
      " [0.1741058  0.50896006 0.31693415]\n",
      " [0.1741058  0.50896006 0.31693415]\n",
      " [0.17331718 0.50178238 0.32490045]\n",
      " [0.174968   0.51086426 0.31416774]\n",
      " [0.17237623 0.50827376 0.31935001]\n",
      " [0.172701   0.50965386 0.31764514]\n",
      " [0.18235724 0.50384445 0.31379831]\n",
      " [0.17762514 0.50053946 0.3218354 ]\n",
      " [0.1741058  0.50896006 0.31693415]\n",
      " [0.1741058  0.50896006 0.31693415]\n",
      " [0.18264763 0.50854118 0.30881118]\n",
      " [0.16763476 0.49449903 0.33786621]\n",
      " [0.1749913  0.51524103 0.30976766]\n",
      " [0.1741058  0.50896006 0.31693415]\n",
      " [0.1756479  0.51330762 0.31104447]\n",
      " [0.17738801 0.50899476 0.31361723]\n",
      " [0.17236228 0.50385919 0.32377853]\n",
      " [0.18825205 0.49922078 0.31252717]\n",
      " [0.1801849  0.50616012 0.31365497]\n",
      " [0.1741058  0.50896006 0.31693415]\n",
      " [0.17489083 0.50901248 0.31609669]\n",
      " [0.16827278 0.5024558  0.32927141]\n",
      " [0.20594011 0.49657813 0.29748176]\n",
      " [0.17237623 0.50827376 0.31935001]\n",
      " [0.17184199 0.5062357  0.3219223 ]\n",
      " [0.1741058  0.50896006 0.31693415]\n",
      " [0.1716412  0.49349515 0.33486365]\n",
      " [0.1736308  0.51186952 0.31449968]\n",
      " [0.1741058  0.50896006 0.31693415]\n",
      " [0.1741058  0.50896006 0.31693415]\n",
      " [0.19768185 0.49911823 0.30319992]\n",
      " [0.1741058  0.50896006 0.31693415]\n",
      " [0.1741058  0.50896006 0.31693415]\n",
      " [0.1741058  0.50896006 0.31693415]\n",
      " [0.1741058  0.50896006 0.31693415]\n",
      " [0.16989174 0.51498666 0.3151216 ]\n",
      " [0.17209398 0.51086713 0.31703889]\n",
      " [0.17247187 0.5026378  0.32489033]\n",
      " [0.1741058  0.50896006 0.31693415]\n",
      " [0.20413936 0.50786771 0.28799293]\n",
      " [0.1699425  0.50218172 0.32787578]\n",
      " [0.17344221 0.50930632 0.31725146]\n",
      " [0.17289671 0.50849552 0.31860777]\n",
      " [0.18237866 0.50382218 0.31379917]\n",
      " [0.16747721 0.50119027 0.33133252]\n",
      " [0.16978395 0.51198425 0.3182318 ]\n",
      " [0.20257849 0.50383808 0.29358343]\n",
      " [0.17555795 0.50482775 0.3196143 ]\n",
      " [0.1807045  0.50300147 0.31629402]\n",
      " [0.1741058  0.50896006 0.31693415]\n",
      " [0.1741058  0.50896006 0.31693415]\n",
      " [0.16200079 0.49068815 0.34731107]\n",
      " [0.17779445 0.50602945 0.3161761 ]\n",
      " [0.16848003 0.50364681 0.32787316]\n",
      " [0.17056786 0.49873623 0.33069592]\n",
      " [0.1741058  0.50896006 0.31693415]\n",
      " [0.17637305 0.50989398 0.31373297]\n",
      " [0.17227825 0.5043822  0.32333955]\n",
      " [0.18498074 0.50447111 0.31054815]\n",
      " [0.16811765 0.49926656 0.33261579]\n",
      " [0.17322197 0.50575603 0.321022  ]\n",
      " [0.1741058  0.50896006 0.31693415]\n",
      " [0.17090301 0.51011989 0.31897709]\n",
      " [0.17234452 0.51293822 0.31471726]\n",
      " [0.17419588 0.51328609 0.31251803]\n",
      " [0.1741058  0.50896006 0.31693415]\n",
      " [0.17668274 0.50861052 0.31470674]\n",
      " [0.17228227 0.50693404 0.32078369]\n",
      " [0.18251384 0.48446381 0.33302235]\n",
      " [0.17539162 0.47954082 0.34506756]\n",
      " [0.17201828 0.51957468 0.30840704]\n",
      " [0.16399062 0.49954186 0.33646751]\n",
      " [0.17764891 0.51030777 0.31204332]\n",
      " [0.17428209 0.50441396 0.32130395]\n",
      " [0.1741058  0.50896006 0.31693415]\n",
      " [0.16500787 0.52332808 0.31166405]\n",
      " [0.1741058  0.50896006 0.31693415]\n",
      " [0.17225155 0.51505538 0.31269308]\n",
      " [0.16736544 0.49921916 0.33341539]\n",
      " [0.1741058  0.50896006 0.31693415]\n",
      " [0.17428209 0.50441396 0.32130395]\n",
      " [0.174968   0.51086426 0.31416774]\n",
      " [0.18395741 0.50797553 0.30806706]\n",
      " [0.17176163 0.50951433 0.31872403]\n",
      " [0.16157967 0.5413823  0.29703803]\n",
      " [0.17521889 0.51380017 0.31098094]\n",
      " [0.1824126  0.50386599 0.31372141]\n",
      " [0.1972977  0.49602674 0.30667556]\n",
      " [0.1741058  0.50896006 0.31693415]\n",
      " [0.1741058  0.50896006 0.31693415]\n",
      " [0.17229558 0.50385057 0.32385385]\n",
      " [0.20013488 0.49423269 0.30563243]\n",
      " [0.1783957  0.51335318 0.30825112]\n",
      " [0.1741058  0.50896006 0.31693415]\n",
      " [0.1638324  0.49992393 0.33624367]\n",
      " [0.1741058  0.50896006 0.31693415]\n",
      " [0.1741058  0.50896006 0.31693415]\n",
      " [0.16736544 0.49921916 0.33341539]\n",
      " [0.1741058  0.50896006 0.31693415]\n",
      " [0.17817226 0.51092893 0.31089881]\n",
      " [0.1741058  0.50896006 0.31693415]\n",
      " [0.17289671 0.50849552 0.31860777]\n",
      " [0.17230492 0.50604319 0.3216519 ]\n",
      " [0.17305108 0.50670024 0.32024868]\n",
      " [0.17831933 0.50541505 0.31626562]\n",
      " [0.17305108 0.50670024 0.32024868]\n",
      " [0.17233916 0.51742883 0.31023201]\n",
      " [0.18085606 0.50697993 0.31216401]\n",
      " [0.1741058  0.50896006 0.31693415]\n",
      " [0.17099698 0.51145961 0.31754341]\n",
      " [0.17192012 0.50670317 0.32137671]\n",
      " [0.1741058  0.50896006 0.31693415]\n",
      " [0.16640053 0.49658758 0.33701189]\n",
      " [0.17357907 0.51119725 0.31522368]\n",
      " [0.1741058  0.50896006 0.31693415]\n",
      " [0.19884479 0.49362674 0.30752848]\n",
      " [0.1741058  0.50896006 0.31693415]\n",
      " [0.17179919 0.51075874 0.31744207]\n",
      " [0.16736544 0.49921916 0.33341539]\n",
      " [0.17895896 0.51317329 0.30786776]\n",
      " [0.1726667  0.50720883 0.32012447]\n",
      " [0.17057295 0.50201602 0.32741103]\n",
      " [0.174968   0.51086426 0.31416774]\n",
      " [0.17055133 0.50074789 0.32870078]\n",
      " [0.19701168 0.49561993 0.30736839]\n",
      " [0.1741058  0.50896006 0.31693415]\n",
      " [0.1735515  0.51276879 0.31367971]\n",
      " [0.1741058  0.50896006 0.31693415]\n",
      " [0.1741058  0.50896006 0.31693415]\n",
      " [0.17606399 0.51522747 0.30870854]\n",
      " [0.17426476 0.50161226 0.32412298]\n",
      " [0.17264433 0.50597207 0.3213836 ]\n",
      " [0.1741058  0.50896006 0.31693415]\n",
      " [0.16665609 0.50988614 0.32345777]\n",
      " [0.17319022 0.50585685 0.32095293]\n",
      " [0.17289671 0.50849552 0.31860777]\n",
      " [0.17538166 0.50937385 0.31524449]\n",
      " [0.1741291  0.51333683 0.31253407]\n",
      " [0.17999386 0.50507573 0.31493042]\n",
      " [0.16944844 0.51445559 0.31609596]\n",
      " [0.16923199 0.48893507 0.34183294]\n",
      " [0.18524662 0.49812068 0.31663269]\n",
      " [0.1741058  0.50896006 0.31693415]\n",
      " [0.174968   0.51086426 0.31416774]\n",
      " [0.17275053 0.51821055 0.30903892]\n",
      " [0.1741058  0.50896006 0.31693415]\n",
      " [0.1741058  0.50896006 0.31693415]\n",
      " [0.17137522 0.50068906 0.32793572]\n",
      " [0.17326875 0.5150234  0.31170784]\n",
      " [0.1741058  0.50896006 0.31693415]\n",
      " [0.17637305 0.50989398 0.31373297]\n",
      " [0.16863193 0.51023247 0.3211356 ]\n",
      " [0.18135523 0.50631885 0.31232592]\n",
      " [0.1638324  0.49179893 0.34436867]\n",
      " [0.1979686  0.49796265 0.30406875]\n",
      " [0.1741058  0.50896006 0.31693415]\n",
      " [0.17300056 0.51248711 0.31451234]\n",
      " [0.17742985 0.51287477 0.30969538]\n",
      " [0.17365209 0.50868755 0.31766036]\n",
      " [0.17113029 0.50671936 0.32215035]\n",
      " [0.1741058  0.50896006 0.31693415]\n",
      " [0.17237623 0.50827376 0.31935001]\n",
      " [0.1741058  0.50896006 0.31693415]\n",
      " [0.17067698 0.51243291 0.31689011]\n",
      " [0.17236348 0.50380632 0.32383019]\n",
      " [0.17988346 0.50811767 0.31199888]\n",
      " [0.1723113  0.50635152 0.32133719]\n",
      " [0.16860621 0.50484324 0.32655056]\n",
      " [0.17060039 0.50313548 0.32626413]\n",
      " [0.19788788 0.50236898 0.29974313]\n",
      " [0.15490489 0.43985476 0.40524035]\n",
      " [0.17594403 0.51038653 0.31366944]\n",
      " [0.16557932 0.5012396  0.33318108]\n",
      " [0.1781302  0.50316553 0.31870427]\n",
      " [0.1741058  0.50896006 0.31693415]\n",
      " [0.18659746 0.50213533 0.31126721]\n",
      " [0.1741058  0.50896006 0.31693415]\n",
      " [0.17948113 0.50805745 0.31246142]\n",
      " [0.19701168 0.49561993 0.30736839]\n",
      " [0.17233916 0.51742883 0.31023201]\n",
      " [0.17289671 0.50849552 0.31860777]\n",
      " [0.173206   0.50124127 0.32555274]\n",
      " [0.17235217 0.51393107 0.31371676]\n",
      " [0.1741058  0.50896006 0.31693415]\n",
      " [0.17228227 0.50693404 0.32078369]\n",
      " [0.17068931 0.49423877 0.33507193]\n",
      " [0.1741058  0.50896006 0.31693415]\n",
      " [0.1741058  0.50896006 0.31693415]\n",
      " [0.17056982 0.50794383 0.32148635]\n",
      " [0.16665609 0.50988614 0.32345777]\n",
      " [0.1741058  0.50896006 0.31693415]\n",
      " [0.1741058  0.50896006 0.31693415]\n",
      " [0.17230492 0.50604319 0.3216519 ]\n",
      " [0.1741058  0.50896006 0.31693415]\n",
      " [0.1741058  0.50896006 0.31693415]\n",
      " [0.1741058  0.50896006 0.31693415]\n",
      " [0.17252959 0.50412008 0.32335032]\n",
      " [0.17052144 0.4986746  0.33080396]\n",
      " [0.17258139 0.50339384 0.32402477]\n",
      " [0.18384356 0.50581147 0.31034497]\n",
      " [0.17227958 0.51344132 0.3142791 ]\n",
      " [0.1741058  0.50896006 0.31693415]\n",
      " [0.1735515  0.51276879 0.31367971]\n",
      " [0.1741058  0.50896006 0.31693415]\n",
      " [0.16822765 0.50112336 0.33064899]\n",
      " [0.17230755 0.50382848 0.32386397]\n",
      " [0.19006951 0.50263653 0.30729396]\n",
      " [0.19585724 0.49827953 0.30586323]\n",
      " [0.1741058  0.50896006 0.31693415]\n",
      " [0.1741058  0.50896006 0.31693415]\n",
      " [0.18924892 0.48884976 0.32190132]\n",
      " [0.16998628 0.50102206 0.32899165]\n",
      " [0.1741058  0.50896006 0.31693415]\n",
      " [0.16736544 0.49921916 0.33341539]\n",
      " [0.17056786 0.49873623 0.33069592]\n",
      " [0.1741058  0.50896006 0.31693415]\n",
      " [0.17230347 0.51391645 0.31378008]\n",
      " [0.1741058  0.50896006 0.31693415]\n",
      " [0.1741058  0.50896006 0.31693415]\n",
      " [0.16873294 0.50086743 0.33039963]\n",
      " [0.1741058  0.50896006 0.31693415]\n",
      " [0.1741058  0.50896006 0.31693415]\n",
      " [0.17110481 0.50337991 0.32551528]\n",
      " [0.17224839 0.48992929 0.33782232]\n",
      " [0.16690312 0.52932042 0.30377645]\n",
      " [0.1741058  0.50896006 0.31693415]\n",
      " [0.18842147 0.50432828 0.30725025]\n",
      " [0.17538166 0.50937385 0.31524449]\n",
      " [0.1741058  0.50896006 0.31693415]\n",
      " [0.1710705  0.51297678 0.31595272]\n",
      " [0.17233916 0.51742883 0.31023201]\n",
      " [0.17232834 0.50384445 0.32382721]\n",
      " [0.17217415 0.51356096 0.31426489]\n",
      " [0.17314088 0.50632848 0.32053064]\n",
      " [0.1741058  0.50896006 0.31693415]\n",
      " [0.17231586 0.51305206 0.31463209]\n",
      " [0.1741058  0.50896006 0.31693415]\n",
      " [0.17237623 0.50827376 0.31935001]\n",
      " [0.1741058  0.50896006 0.31693415]\n",
      " [0.17230347 0.51391645 0.31378008]\n",
      " [0.1736308  0.51186952 0.31449968]\n",
      " [0.1741058  0.50896006 0.31693415]\n",
      " [0.17061238 0.51235009 0.31703753]\n",
      " [0.17227958 0.51344132 0.3142791 ]\n",
      " [0.17233916 0.51742883 0.31023201]\n",
      " [0.1723113  0.50635152 0.32133719]\n",
      " [0.17859868 0.51835846 0.30304286]]\n"
     ]
    },
    {
     "data": {
      "text/plain": [
       "array(['01', '026', '04', ..., 'қазақстан', 'үшін', 'ұлы'], dtype='<U66')"
      ]
     },
     "execution_count": 5,
     "metadata": {},
     "output_type": "execute_result"
    }
   ],
   "source": [
    "from sklearn.ensemble import ExtraTreesClassifier\n",
    "\n",
    "ext_clf = ExtraTreesClassifier(n_jobs=-1, n_estimators=100, max_depth=2, random_state=0)\n",
    "ext_clf.fit(X_train, dataY_train)\n",
    "\n",
    "our_pipeline = Pipeline( [\n",
    "    ('CountVectorizer', CountVectorizer()),\n",
    "    ('ExtraTreesClassifier', ExtraTreesClassifier())]\n",
    ")\n",
    "\n",
    "our_pipeline.fit(dataX_train, dataY_train)\n",
    "\n",
    "param_grid = {'max_depth': list(range(3, 8)), 'n_estimators': list(range(3, 8))}\n",
    "grid_search_cv = GridSearchCV(ExtraTreesClassifier(), param_grid, cv = 3)\n",
    "grid_search_cv.fit(X_train, dataY_train)\n",
    "\n",
    "y_pred3 = grid_search_cv.predict(X_test)\n",
    "\n",
    "print(accuracy_score(dataY_test, y_pred3))\n",
    "print(ext_clf.feature_importances_)\n",
    "print(ext_clf.predict_proba(X_test))\n",
    "np.array(our_pipeline.named_steps['CountVectorizer'].get_feature_names())[np.where(our_pipeline.named_steps['ExtraTreesClassifier'].feature_importances_ != 0)[0]]"
   ]
  },
  {
   "cell_type": "markdown",
   "metadata": {},
   "source": [
    "Пока лучший результат показывает линейный SVM (accuracy = 0.59).\n",
    "\n",
    "Затем попробуем решить задачу бинарной классификации. Для этого сначала нужно присвоить другие значения оценкам тональности, чтобы их было всего два: 1 и -1. Здесь применим классификаторы RandomForest, ExtraTrees и логистическую регрессию."
   ]
  },
  {
   "cell_type": "code",
   "execution_count": 6,
   "metadata": {},
   "outputs": [],
   "source": [
    "#зададим новые численные значения для классов\n",
    "y = {'negative': -1, 'neutral': 1, 'positive': 1} \n",
    "data['y'] = data['sentiment'].map(lambda x: y[x])\n",
    "\n",
    "data_Y = data['y'].values\n",
    "data_X = data['text'].values\n",
    "\n",
    "dataY_train, dataY_test, dataX_train, dataX_test = train_test_split(data_Y, data_X, test_size=0.3)\n",
    "dataY_train, dataY_test, dataX_train, dataX_test = dataY_train[:700], dataY_test[:300], dataX_train[:700], dataX_test[:300]"
   ]
  },
  {
   "cell_type": "code",
   "execution_count": 27,
   "metadata": {},
   "outputs": [
    {
     "name": "stdout",
     "output_type": "stream",
     "text": [
      "0.8666666666666667\n",
      "[0. 0. 0. ... 0. 0. 0.]\n",
      "[[0.16982263 0.83017737]\n",
      " [0.17840654 0.82159346]\n",
      " [0.16310269 0.83689731]\n",
      " [0.16310269 0.83689731]\n",
      " [0.16310269 0.83689731]\n",
      " [0.16310269 0.83689731]\n",
      " [0.16310269 0.83689731]\n",
      " [0.16310269 0.83689731]\n",
      " [0.1740095  0.8259905 ]\n",
      " [0.176361   0.823639  ]\n",
      " [0.16310269 0.83689731]\n",
      " [0.16159364 0.83840636]\n",
      " [0.16310269 0.83689731]\n",
      " [0.17113738 0.82886262]\n",
      " [0.16310269 0.83689731]\n",
      " [0.16849734 0.83150266]\n",
      " [0.17155645 0.82844355]\n",
      " [0.16310269 0.83689731]\n",
      " [0.19066833 0.80933167]\n",
      " [0.16310269 0.83689731]\n",
      " [0.16310269 0.83689731]\n",
      " [0.16310269 0.83689731]\n",
      " [0.16533161 0.83466839]\n",
      " [0.16159364 0.83840636]\n",
      " [0.16310269 0.83689731]\n",
      " [0.17161425 0.82838575]\n",
      " [0.16646324 0.83353676]\n",
      " [0.16310269 0.83689731]\n",
      " [0.16310269 0.83689731]\n",
      " [0.16310269 0.83689731]\n",
      " [0.17693027 0.82306973]\n",
      " [0.17815876 0.82184124]\n",
      " [0.16722502 0.83277498]\n",
      " [0.17132267 0.82867733]\n",
      " [0.16310269 0.83689731]\n",
      " [0.16310269 0.83689731]\n",
      " [0.17155645 0.82844355]\n",
      " [0.17168651 0.82831349]\n",
      " [0.16310269 0.83689731]\n",
      " [0.16310269 0.83689731]\n",
      " [0.16310269 0.83689731]\n",
      " [0.17146241 0.82853759]\n",
      " [0.16836419 0.83163581]\n",
      " [0.17143179 0.82856821]\n",
